transe文件不存在
transe文件不存在
42
tensor([[0.4254],
        [0.1497],
        [0.1105],
        [0.5983],
        [0.2463]], device='cuda:0', grad_fn=<AddmmBackward>)
tensor([[0.4117],
        [0.6436],
        [0.4270],
        [0.4485],
        [0.5681]], device='cuda:0', grad_fn=<AddmmBackward>)
tensor([[0.3275],
        [0.3468],
        [0.7258],
        [0.4789],
        [0.3813]], device='cuda:0', grad_fn=<AddmmBackward>)
tensor([[0.6474],
        [0.5112],
        [0.4284],
        [0.6524],
        [0.2617]], device='cuda:0', grad_fn=<AddmmBackward>)
tensor([[0.4704],
        [0.3798],
        [0.6355],
        [0.4807],
        [0.3761]], device='cuda:0', grad_fn=<AddmmBackward>)
tensor([[ 0.4520],
        [ 0.5298],
        [-0.0163],
        [ 0.5017],
        [ 0.2047]], device='cuda:0', grad_fn=<AddmmBackward>)
tensor([[0.5668],
        [0.6473],
        [0.2537],
        [0.2415],
        [0.8496]], device='cuda:0', grad_fn=<AddmmBackward>)
tensor([[0.3603],
        [0.5715],
        [0.6410],
        [0.5484],
        [0.4886]], device='cuda:0', grad_fn=<AddmmBackward>)
tensor([[0.4028],
        [0.3695],
        [0.5564],
        [0.4551],
        [0.4559]], device='cuda:0', grad_fn=<AddmmBackward>)
tensor([[0.4028],
        [0.4351],
        [0.5369],
        [0.5207],
        [0.3586]], device='cuda:0', grad_fn=<AddmmBackward>)
tensor([[0.5619],
        [0.2575],
        [0.3725],
        [0.4063],
        [0.5221]], device='cuda:0', grad_fn=<AddmmBackward>)
tensor([[0.3025],
        [0.3381],
        [0.2641],
        [0.3305],
        [0.0611]], device='cuda:0', grad_fn=<AddmmBackward>)
tensor([[0.3107],
        [0.1413],
        [0.5195],
        [0.0655],
        [0.3009]], device='cuda:0', grad_fn=<AddmmBackward>)
tensor([[0.0721],
        [0.4406],
        [0.3451],
        [0.5489],
        [0.3635]], device='cuda:0', grad_fn=<AddmmBackward>)
tensor([[0.2695],
        [0.5210],
        [0.5387],
        [0.3394],
        [0.2026]], device='cuda:0', grad_fn=<AddmmBackward>)
tensor([[0.5367],
        [0.1556],
        [0.2447],
        [0.5171],
        [0.5359]], device='cuda:0', grad_fn=<AddmmBackward>)
tensor([[0.2808],
        [0.4284],
        [0.6486],
        [0.0041],
        [0.4345]], device='cuda:0', grad_fn=<AddmmBackward>)
tensor([[0.3909],
        [0.4139],
        [0.2043],
        [0.4690],
        [0.4935]], device='cuda:0', grad_fn=<AddmmBackward>)
tensor([[0.4881],
        [0.4568],
        [0.5104],
        [0.5221],
        [0.3003]], device='cuda:0', grad_fn=<AddmmBackward>)
tensor([[0.3325],
        [0.2895],
        [0.5017],
        [0.3608],
        [0.3608]], device='cuda:0', grad_fn=<AddmmBackward>)
tensor([[0.5637],
        [0.4930],
        [0.2449],
        [0.1959],
        [0.4430]], device='cuda:0', grad_fn=<AddmmBackward>)
train_loss: 85.76394391059875
train_Accuracy----------------------- 0.42857142857142855
tensor([[ 0.4657],
        [ 0.4509],
        [ 0.4395],
        [ 0.4804],
        [-0.1689],
        [ 0.4607],
        [ 0.4582],
        [ 0.4463],
        [ 0.4592],
        [ 0.4559],
        [ 0.3297],
        [ 0.3288],
        [ 0.4129],
        [ 0.3148],
        [ 0.3416],
        [ 0.4579],
        [ 0.4726],
        [ 0.4606],
        [ 0.4606],
        [ 0.4664],
        [ 0.4526],
        [ 0.4572],
        [ 0.4518],
        [ 0.4457],
        [ 0.4611],
        [ 0.4593],
        [ 0.3401],
        [ 0.4046],
        [ 0.3270],
        [ 0.4151],
        [ 0.4419],
        [ 0.4453],
        [ 0.4409],
        [ 0.4538],
        [ 0.4488],
        [ 0.4371],
        [ 0.4883],
        [ 0.4370],
        [ 0.4448],
        [ 0.4296],
        [ 0.4950],
        [ 0.4893],
        [ 0.4834],
        [ 0.2769],
        [ 0.4829],
        [ 0.1795],
        [ 0.0337],
        [-0.1663],
        [ 0.1631],
        [ 0.1455]], device='cuda:0')
tensor([[ 0.4575],
        [ 0.4646],
        [ 0.4556],
        [ 0.4619],
        [ 0.4246],
        [ 0.4574],
        [ 0.2381],
        [ 0.4703],
        [ 0.4238],
        [ 0.3570],
        [ 0.4595],
        [ 0.4202],
        [ 0.4032],
        [ 0.3635],
        [ 0.4032],
        [-0.1701],
        [ 0.1923],
        [ 0.4360],
        [ 0.0711],
        [ 0.1819],
        [ 0.4328],
        [ 0.3990],
        [ 0.4217],
        [ 0.4013],
        [ 0.4350],
        [ 0.4128],
        [ 0.4360],
        [ 0.4066],
        [ 0.4544],
        [ 0.3687],
        [ 0.4368],
        [ 0.4293],
        [ 0.4914],
        [ 0.4983],
        [ 0.4325],
        [ 0.2528],
        [ 0.4568],
        [ 0.4394],
        [ 0.4552],
        [ 0.4486],
        [ 0.4190],
        [ 0.3458],
        [ 0.2603],
        [ 0.3723],
        [ 0.4044],
        [ 0.4662],
        [ 0.4493],
        [ 0.4624],
        [ 0.4518],
        [ 0.4510]], device='cuda:0')
tensor([[0.3291],
        [0.4047],
        [0.3146],
        [0.3532],
        [0.2714]], device='cuda:0')
3775 105
